	v
0	0,0076704103299999995
1	0,0025565889399999995
2	0,0130637645
3	-0,0051227213700000005
4	-0,0069519566599999996
5	-9,2367986e-05
6	0,0034818244899999995
7	-0,00572524981
8	-0,0014458119
9	-0,0129114433
10	-0,00770829537
11	-0,0009624013210000001
12	-0,0060189951399999995
13	-0,0123520632
14	-0,0033428420799999996
15	0,0027710697200000003
16	-0,0006625911500000001
17	-0,008206341640000002
18	-0,012016536100000001
19	-0,00536369786
20	-0,008404849150000001
21	-0,0159273043
22	-0,0035653690700000002
23	-0,0174812532
24	-0,012948565299999997
25	-0,0263935753
26	-0,013974878899999998
27	-0,016581945
28	-0,010460217800000001
29	-0,0156010707
30	-0,0167314323
31	-0,0183432325
32	-0,0184515095
33	-0,025443821499999998
34	-0,013847225100000003
35	-0,0175002391
36	-0,0197743187
37	-0,0177104775
38	-0,017716274299999998
39	-0,019667456599999997
40	-0,0281581795
41	-0,018574381
42	-0,0259475523
43	-0,0189213095
44	-0,024828908900000002
45	-0,0241870304
46	-0,026738360499999995
47	-0,030447239999999997
48	-0,005847297979999999
49	-0,016470359099999998
50	-0,00990428396
51	-0,0128633471
52	-0,0152317606
53	-0,013581742800000001
54	-0,008360179740000001
55	-0,0164838052
56	-0,0110851034
57	-0,0129892647
58	0,0015998553299999998
59	-0,0148760111
60	-0,0102691805
61	-0,006701445789999999
62	-0,009029685329999999
63	-0,00373764273
64	-0,0111168243
65	-0,017332075500000002
66	-0,0156434236
67	-0,018789743
68	-0,022393393799999998
69	-0,028550461099999997
70	-0,0256521381
71	-0,03766421
72	-0,0330999435
73	-0,03478876
74	-0,034525622
75	-0,0290300407
76	-0,0263503608
77	-0,0178130133
78	-0,025479046499999998
79	-0,0287637606
80	-0,025556493800000007
81	-0,016110314299999998
82	0,000131913481
83	-0,0015490820300000001
84	0,0013126811800000002
85	0,00791934063
86	0,013898761200000002
87	0,0111147414
88	0,00882378786
89	0,013167372
90	0,018898136399999998
91	0,0218701023
92	0,0206560148
93	0,019148059499999998
94	0,0229803905
95	0,026748790799999998
96	0,0285660111
97	0,027022077
98	0,033190758
99	0,025424881899999995
100	0,026343412200000006
101	0,0207214175
102	0,0245238876
103	0,0193055852
104	0,027386322999999997
105	0,0205278796
106	0,0185857286
107	0,0158143804
108	0,0194847792
109	0,020614431399999997
110	0,013426717900000001
111	0,020997777999999998
112	0,016038126
113	0,0149993454
114	0,021335283700000002
115	0,0193130504
116	0,0183256333
117	0,0129208095
118	0,00789289724
119	0,014909388899999997
120	0,017704471399999998
121	0,0200416454
122	0,0171589203
123	0,025366047600000007
124	0,026101165500000002
125	0,0179594364
126	0,0131659472
127	0,0146688033
128	0,022496820299999998
129	0,0183409773
130	0,018653211
131	0,011543161000000001
132	0,012599380400000002
133	0,0179453388
134	0,024536887200000003
135	0,0199700339
136	0,028735938100000007
137	0,0199443016
138	0,0180186759
139	0,014425368999999999
140	0,00922027968
141	0,016603238899999997
142	0,0157664449
143	0,0037222222
144	0,012265368799999999
145	0,013495374
146	0,0051258365399999995
147	-0,0032148480900000007
148	-0,0024092802
149	0,00311296359
150	0,008487795920000001
151	0,006796221329999999
152	0,00163822146
153	0,0081933551
154	0,0034221435599999994
155	0,012515745
156	0,0041222909299999996
157	0,008301951120000001
158	0,00357093645
159	-0,00232840895
160	0,0118111429
161	0,00949550714
162	-0,0073590836800000005
163	0,00254138222
164	0,00108002497
165	0,000706440202
166	-0,00883786414
167	-0,008911827790000002
168	-0,00862373691
169	0,00146249759
170	-0,0019043574
171	-0,005809331609999999
172	-0,00111312612
173	0,00630020033
174	-0,00893998571
175	0,00236993411
176	-5,4632862799999985e-05
177	-0,00446879281
178	0,0063052711
179	-0,00332208156
180	0,00485562256
181	0,006626081389999999
182	-0,000251261844
183	0,000469756734
184	0,00648210459
185	-0,0010408998199999998
186	0,0059631771100000005
187	0,0177811574
188	0,0114631226
189	0,014092556000000001
190	0,006311104570000001
191	0,0076304786799999995
192	0,0019188749500000002
193	0,011451374399999999
194	0,0182973191
195	0,0149539388
196	0,0122782816
197	0,00834825112
198	0,0108844424
199	0,0208759249
200	0,0199320152
201	0,0198780794
202	0,0198709589
203	0,014045149599999997
204	0,020798593400000003
205	0,0146031099
206	0,0194901908
207	0,025087610699999995
208	0,0201849289
209	0,0219595045
210	0,0237767314
211	0,025627308800000005
212	0,0224569965
213	0,0156741673
214	0,0177902927
215	0,0229567518
216	0,0240353657
217	0,0161002036
218	0,015131699599999998
219	0,00618051326
220	0,0006869755620000001
221	-0,00194934812
222	-0,006141349159999999
223	-0,014946733
224	-0,0156502578
225	-0,0343256219
226	-0,0457926621
227	-0,0549762772
228	-0,0600902427
229	-0,0723646637
230	-0,10155387099999999
231	-0,11195766700000001
232	-0,117156331
233	-0,14048417900000001
234	-0,16205241199999998
235	-0,184995094
236	-0,20527454500000006
237	-0,22657951
238	-0,25141932100000003
239	-0,258520354
240	-0,29257533
241	-0,30330851600000003
242	-0,33201891699999997
243	-0,350955622
244	-0,375131527
245	-0,383336895
246	-0,38304812
247	-0,38835172
248	-0,40440277199999997
249	-0,40886680899999994
250	-0,38475905899999996
251	-0,38944765600000003
252	-0,37288299
253	-0,331323804
254	-0,29529832100000003
255	-0,258663297
256	-0,211023213
257	-0,13640935199999998
258	-0,0636450295
259	0,0101066866
260	0,10719941
261	0,19166263600000003
262	0,276215635
263	0,372802852
264	0,4800483320000001
265	0,570040512
266	0,665902168
267	0,7581940090000001
268	0,836399604
269	0,912894433
270	0,9645329159999999
271	1,00536303
272	1,0511138
273	1,06835323
274	1,07511966
275	1,07130967
276	1,04055424
277	1,02042952
278	0,9816078659999998
279	0,9069837140000001
280	0,831550397
281	0,756295158
282	0,646040023
283	0,521469015
284	0,39709196399999996
285	0,288666132
286	0,18100286699999998
287	0,0700728631
288	-0,0415919923
289	-0,115030831
290	-0,205730282
291	-0,26109092899999997
292	-0,295604186
293	-0,318556408
294	-0,31497539199999997
295	-0,310608434
296	-0,301716124
297	-0,272907427
298	-0,24386573
299	-0,216473162
300	-0,198900617
301	-0,19641915399999998
302	-0,176444396
303	-0,180486765
304	-0,18257546300000002
305	-0,19727742899999998
306	-0,22607671499999998
307	-0,239457297
308	-0,24641171899999997
309	-0,262276832
310	-0,274747535
311	-0,284539434
312	-0,288565941
313	-0,266765176
314	-0,263307185
315	-0,251689367
316	-0,23882582599999996
317	-0,223186157
318	-0,20635437900000006
319	-0,205391514
320	-0,192317853
321	-0,17993959399999998
322	-0,180069742
323	-0,16704117300000002
324	-0,158423399
325	-0,151640726
326	-0,139695609
327	-0,131407628
328	-0,11610536
329	-0,109115735
330	-0,088815571
331	-0,08026887320000001
332	-0,0781254706
333	-0,0639078111
334	-0,06320574450000001
335	-0,0664831808
336	-0,0689408157
337	-0,055166467799999994
338	-0,0507843925
339	-0,051160144799999994
340	-0,056847561199999994
341	-0,046236995499999996
342	-0,05748002210000001
343	-0,0675742166
344	-0,0672603489
345	-0,0731828454
346	-0,09052213099999999
347	-0,0830828738
348	-0,0832715889
349	-0,0875353019
350	-0,0930451915
351	-0,10746062200000002
352	-0,103856116
353	-0,09864523830000001
354	-0,0833193448
355	-0,0681773337
356	-0,054452393
357	-0,0325463002
358	-0,0232063368
359	-0,0081186268
360	0,0101027989
361	0,0368742654
362	0,0480039438
363	0,0588855013
364	0,052334627300000006
365	0,05515641219999999
366	0,0695795929
367	0,06783453219999999
368	0,06838247160000001
369	0,0663568737
370	0,0695601894
371	0,0528596323
372	0,047994129100000005
373	0,04899826400000001
374	0,041349619500000004
375	0,029293403000000006
376	0,013141634099999999
377	0,0018010785600000002
378	-0,00287793274
379	-0,015359826400000004
380	-0,023795616600000003
381	-0,0254845765
382	-0,030035370800000006
383	-0,0337339199
384	-0,0397942889
385	-0,0306941478
386	-0,0292091158
387	-0,014303510799999999
388	-0,013512213299999997
389	-0,00767960152
390	-0,0088734083
391	-0,0127470624
392	-0,0143124269
393	-0,0168029726
394	-0,024664363999999998
395	-0,0239085718
396	-0,0212101304
397	-0,0243049201
398	-0,028636183500000006
399	-0,0477596037
400	-0,0559308621
401	-0,06374643440000001
402	-0,07560077
403	-0,07275801
404	-0,0725806289
405	-0,0748641622
406	-0,0796969449
407	-0,0727626966
408	-0,0637975021
409	-0,05547061259999999
410	-0,0505251617
411	-0,0526577395
412	-0,045528957
413	-0,028002322199999995
414	-0,0163235303
415	-0,0213294145
416	-0,00997657092
417	-0,013108414199999998
418	-0,0168720957
419	-0,00581624805
420	-0,006344329729999999
421	-0,00755358775
422	-0,014237175699999998
423	-0,014074168500000001
424	-0,0159717841
425	-0,0167043368
426	-0,0176712931
427	-0,0245680776
428	-0,0164886129
429	-0,0274526845
430	-0,022933447599999997
431	-0,024943555299999996
432	-0,0254253687
433	-0,0242323041
434	-0,0176253283
435	-0,0265826128
436	-0,0237089602
437	-0,0184913627
438	-0,0251016125
439	-0,013276258099999999
440	-0,013602650599999998
441	-0,0145091504
442	-0,00519041403
443	-0,014916649299999998
444	-0,009882273149999999
445	-0,0057250046700000005
446	-0,0021510723100000005
447	-0,015866288500000002
448	-0,00783003223
449	-0,00743895975
450	-0,00493571024
451	0,00410986898
452	1,96637611e-05
453	-0,00240261891
454	0,008912617420000001
455	0,0034218327399999997
456	0,003616220189999999
457	0,0032139320700000002
458	-0,00232364285
459	0,006060664889999999
460	-0,0017439792699999999
461	0,0032233658999999996
462	-0,00197743933
463	0,00910299922
464	0,007514196150000002
465	0,00220153258
466	0,013657725799999998
467	0,00789101759
468	0,021393006699999998
469	0,016792113
470	0,0195182725
471	0,016099066699999998
472	0,014388675200000001
473	0,0258778613
474	0,0336289232
475	0,0340608023
476	0,0355456871
477	0,0342675511
478	0,0379495536
479	0,030273162600000007
480	0,027834205
481	0,0373209565
482	0,028318452799999998
483	0,0255696592
484	0,032287687200000005
485	0,0334464113
486	0,028147969300000002
487	0,030385049200000007
488	0,041458554700000004
489	0,0434978271
490	0,0463783212
491	0,0329593248
492	0,0388700776
493	0,0470939621
494	0,0390371765
495	0,0505052869
496	0,041670833399999996
497	0,042480328
498	0,0435487408
499	0,0460111526
500	0,0432728779
501	0,0343182102
502	0,0376490941
503	0,035814639700000005
504	0,038501841
505	0,0462640784
506	0,0382361624
507	0,0562440418
508	0,052707082400000015
509	0,0491086936
510	0,057716385
511	0,0504673428
512	0,046604966
513	0,05283510579999999
514	0,05625129790000001
515	0,0603253296
516	0,06351557349999999
517	0,0540090066
518	0,0540493668
519	0,0624473563
520	0,0573289528
521	0,0604252808
522	0,062082300800000004
523	0,06765474219999999
524	0,0628586112
525	0,06574777849999999
526	0,0458502857
527	0,0429731245
528	0,0542862093
529	0,051220946199999985
530	0,0523125186
531	0,0433231679
532	0,055018591299999996
533	0,0594637722
534	0,0505628492
535	0,0493203636
536	0,0541687571
537	0,0447561409
538	0,055368368999999994
539	0,0528029624
540	0,049389006799999996
541	0,0386963679
542	0,0396260583
543	0,0412627152
544	0,0388875486
545	0,0413497513
546	0,0368976388
547	0,036616723500000004
548	0,0341529525
549	0,029928254300000002
550	0,02133546
551	0,0294205508
552	0,0364130624
553	0,0306103715
554	0,0325907446
555	0,0300533542
556	0,0337280087
557	0,0361608454
558	0,0346176574
559	0,0257642445
560	0,0256074633
561	0,0229901889
562	0,014953193799999997
563	0,012284286299999999
564	0,011283253600000001
565	0,0202937768
566	0,0151143886
567	0,014563733
568	0,00722812058
569	0,0073896651100000006
570	0,0205954304
571	0,007462023180000002
572	0,0165967394
573	0,0108371028
574	0,0005529278959999999
575	0,0145785906
576	0,015295574099999997
577	0,00978324559
578	0,007033671480000001
579	0,00702509718
580	0,00784165163
581	0,0068432057099999995
582	0,0101316023
583	0,0127836152
584	0,00987477868
585	0,00898796872
586	0,007031453259999999
587	0,006994906739999999
588	0,00343225615
589	0,00263648783
590	-0,000124250724
591	-0,00218280935
592	-0,0030477963800000004
593	-0,007433967390000002
594	-0,007155484870000002
595	-0,010823083999999998
596	-0,0023525974
597	0,0013288129300000001
598	-0,004103478789999999
599	-0,00601267076
600	-0,0043983755
601	-0,0129741541
602	-0,006951754289999999
603	-0,007124119180000002
604	-0,0055206497499999995
605	-0,00462764547
606	0,00114719614
607	0,003753401650000001
608	-0,00876111522
609	-0,0016536330800000002
610	-0,0169858631
611	-0,0118866274
612	-0,0139746482
613	-0,016548231599999998
614	-0,0165835795
615	-0,0173519749
616	-0,00750131812
617	-0,0101171248
618	-0,00301750865
619	-0,00903292147
620	-0,0242400144
621	-0,013492236100000003
622	-0,0109799225
623	-0,00510474001
624	-0,006482699829999999
625	-0,00909513633
626	-0,00728073192
627	-0,007102418519999998
628	-0,0124390298
629	-0,0115017581
630	-0,00464121823
631	-0,00899243776
632	-0,013081649999999997
633	-0,0120236427
634	-0,014439644800000003
635	-0,00839467487
636	-0,00356061405
637	-0,00865992706
638	-0,011763373899999999
639	-0,00432529195
640	-0,0113427287
641	-0,00926626035
642	-0,0167080266
643	-0,012685653500000001
644	-0,012296268899999999
645	-0,014071615
646	-0,006122936329999999
647	-0,005705307079999999
648	-0,00897752958
649	-0,00172086478
650	-0,0122607603
651	-0,011825829599999999
652	-0,004325449229999999
653	-0,0161848906
654	-0,0113835793
655	-0,014094162900000004
656	-0,0018203256399999999
657	0,00123772463
658	-0,006427032760000001
659	-0,0100854905
660	-0,0161768584
661	-0,0111577223
662	-0,005156390360000001
663	-0,012133835400000001
664	-0,0014858536499999999
665	-0,0033197188400000003
666	-0,0023724395800000003
667	-0,010841020900000001
668	-0,013707177800000001
669	-0,00954452718
670	-0,014314523399999998
671	-0,0127707577
672	-0,0125466936
673	-0,0166177104
674	-0,0154114684
675	-0,0248499402
676	-0,0101743557
677	-0,0230815795
678	-0,007626462910000001
679	-0,016591219299999998
680	-0,012566054299999999
681	-0,016365818100000002
682	-0,0163204793
683	-0,014388226899999999
684	-0,0117320049
685	-0,00623536336
686	-0,00488716427
687	-0,00603478504
688	-0,000759021556
689	0,00815792042
690	0,0034938895800000003
691	-0,000753956923
692	0,013834500900000001
693	-0,00228244308
694	0,013600843499999998
695	0,00679759397
696	0,00646181606
697	0,00834897386
698	0,0119708823
699	0,017907048300000002
700	0,0102561955
701	0,00662267349
702	0,00471417974
703	0,00827337683
704	0,0047908230299999995
705	0,00686956069
706	0,007095659039999999
707	0,005623746650000001
708	0,007325374870000001
709	-0,00256336399
710	-0,00977763701
711	-0,000111541391
712	0,000309737712
713	0,00207072832
714	0,00978218929
715	0,00225394348
716	0,0004499974539999999
717	0,00712012662
718	-0,0008787103269999999
719	0,00241947021
720	-0,013025330300000002
721	0,00342032731
722	0,00164581451
723	0,0004881839949999999
724	-0,003913079179999999
725	0,000271744084
726	-0,00292437222
727	0,00429946137
728	0,005624760129999999
729	-0,00397270228
730	-0,000946589765
731	-0,00110006759
732	0,00644382184
733	0,0032326673300000002
734	0,013512570400000002
735	0,0126304354
736	0,0030696401399999997
737	0,00924754199
738	0,006524863810000001
739	0,0073976884599999985
740	0,00917165256
741	0,0051858994
742	0,00430408122
743	0,00328077745
744	0,00300185077
745	0,000348118827
746	0,0006849030019999999
747	0,00911933617
748	0,00721749537
749	0,003642097079999999
750	-0,0018145766299999997
751	-0,00253935284
752	0,00152845959
753	-0,00904417312
754	0,00474999908
755	-0,0011829613800000002
756	0,006758436800000001
757	-0,007482213749999999
758	0,004219497429999999
759	0,0075940561200000005
760	-0,0005464276430000001
761	-0,0041177737100000006
762	0,009467398759999999
763	0,0167115637
764	0,008628598270000001
765	0,0105481202
766	-0,00176711861
767	0,0103364347
768	0,000405122897
769	-0,0017640821000000004
770	0,0037279829000000002
771	0,0033105220400000005
772	0,007443826089999999
773	0,0107610605
774	0,00826368177
775	0,00540951542
776	0,0103264411
777	-0,0015529925
778	-0,00202585301
779	-0,0135859585
780	-0,00997500375
781	-0,00314196132
782	-0,015066714200000001
783	-0,00448240561
784	-0,0161790549
785	-0,024095338900000002
786	-0,015341655399999998
787	-0,00993518437
788	-0,0242470883
789	-0,0219749856
790	-0,026601694399999997
791	-0,024016961099999998
792	-0,030225554300000002
793	-0,0413298138
794	-0,0428003275
795	-0,044903761699999996
796	-0,0358410578
797	-0,05145949910000001
798	-0,051745426800000015
799	-0,0538407799
800	-0,065082524
801	-0,0673704754
802	-0,08071325879999999
803	-0,08389695929999999
804	-0,0944627772
805	-0,0899831151
806	-0,10314151699999999
807	-0,09935275910000001
808	-0,10123522300000003
809	-0,11432099400000002
810	-0,120312813
811	-0,120155969
812	-0,12323175000000001
813	-0,13414479199999998
814	-0,135020579
815	-0,13435824
816	-0,139021429
817	-0,139015568
818	-0,134351729
819	-0,136489007
820	-0,14447979999999996
821	-0,147384959
822	-0,134313615
823	-0,133380862
824	-0,130958775
825	-0,12014904
826	-0,111870383
827	-0,107475513
828	-0,10255820899999998
829	-0,09980129550000001
830	-0,101734144
831	-0,0902253836
832	-0,0753456838
833	-0,0619509587
834	-0,061852066100000005
835	-0,051263813600000006
836	-0,0415548653
837	-0,0473447174
838	-0,0404442275
839	-0,0193463506
840	-0,00905233662
841	-0,0122661674
842	0,0021179594600000003
843	0,00499925075
844	0,0200273109
845	0,0217445622
846	0,0304682799
847	0,0347272218
848	0,04314394999999999
849	0,0477245867
850	0,0493992362
851	0,05611189870000001
852	0,0596895987
853	0,05958041900000001
854	0,0795976661
855	0,0840475753
856	0,08280903519999999
857	0,08619013460000001
858	0,091163967
859	0,10850209400000002
860	0,0979309123
861	0,100979118
862	0,11107351900000002
863	0,10524402199999998
864	0,115504637
865	0,124020404
866	0,110987091
867	0,10369652300000003
868	0,106278654
869	0,108952063
870	0,108336994
871	0,0944312011
872	0,09313334470000001
873	0,091030875
874	0,0793993454
875	0,08017129719999999
876	0,0768537771
877	0,0745900391
878	0,072246941
879	0,06477930559999999
880	0,061850801
881	0,0575212432
882	0,057153057800000004
883	0,05142222279999999
884	0,0525483347
885	0,047688199199999996
886	0,0445779204
887	0,044494606900000004
888	0,0429426288
889	0,0507687129
890	0,0490969549
891	0,043290398499999994
892	0,053129864700000015
893	0,06272468469999999
894	0,0585760255
895	0,047923818
896	0,0675928931
897	0,054604911500000006
898	0,0575502128
899	0,0729398455
900	0,07392295019999999
901	0,0746691452
902	0,082696746
903	0,0813150814
904	0,0702580641
905	0,0700986994
906	0,07582043349999999
907	0,0829848564
908	0,0737942941
909	0,079031046
910	0,0694619133
911	0,0651643828
912	0,0588402943
913	0,0623396909
914	0,0577991509
915	0,0475834708
916	0,0584408888
917	0,0414400674
918	0,0496044472
919	0,040774343399999996
920	0,0437354335
921	0,0344468908
922	0,0269759315
923	0,0337194033
924	0,0271402641
925	0,0299956201
926	0,022003662400000002
927	0,0237591992
928	0,011517948500000002
929	0,007624193749999998
930	0,010892956100000002
931	0,015331698700000004
932	0,0019538865
933	-0,0033021799300000003
934	-0,00469647446
935	-0,006290865279999999
936	-0,00786907439
937	0,0032995377300000005
938	0,00181253213
939	-0,0019435930199999999
940	-0,006409325460000001
941	0,00446868015
942	0,000568281894
943	0,005391635820000001
944	0,010754445900000001
945	0,00208530564
946	0,00510692061
947	0,0144740645
948	0,011453969
949	0,0105120163
950	0,008826023879999999
951	0,011578689
952	0,0162354137
953	0,0151817149
954	0,0128246304
955	0,0179314242
956	0,025042246400000003
957	0,016625621200000003
958	0,0204436882
959	0,0320169835
960	0,036118245800000004
961	0,040478448199999996
962	0,0424678159
963	0,0477732083
964	0,0585245141
965	0,060226189100000015
966	0,060541951399999995
967	0,06248057659999999
968	0,059759226
969	0,06625353070000001
970	0,0648649746
971	0,06857753280000001
972	0,0606580694
973	0,059987526400000005
974	0,0543928029
975	0,0480982321
976	0,0570779567
977	0,051620616899999985
978	0,048814076500000005
979	0,04742566610000001
980	0,029381282399999993
981	0,0356195879
982	0,0445288657
983	0,0494206338
984	0,0418743844
985	0,045211424800000004
986	0,0393329078
987	0,039450870299999996
988	0,0339657785
989	0,0399309519
990	0,0389060081
991	0,0313710126
992	0,0304928514
993	0,0315898287
994	0,030827070500000005
995	0,0265340009
996	0,016223153
997	0,00943449424
998	0,013710777700000001
999	0,014450737799999998
